"Y" "V1" "V2" "V3" "V4"
"a" 0.758760441282471 2.74717049720434 1.61998987535924 0.234028910888206
"a" 1.16940128376011 -1.39254133549709 0.497854620762074 1.33092143571894
"a" 0.877884186339506 0.723051185379301 0.821138439367568 2.1037246266115
"a" 0.359876081221268 -1.3534598702731 0.836943438582259 0.90325749648545
"a" 0.980364804498373 1.98440729309251 1.67095576472257 3.24866316949453
"a" -0.203704642561545 0.34863987001303 -0.272768880540201 0.782160318986265
"a" -0.602683085088381 1.48169082359561 3.1674499276507 1.13272616006677
"a" 0.935706366819944 0.529248108823565 0.221634907638894 -0.0807496548972766
"a" 1.70327252726025 2.45467527615564 -0.132827904737899 2.01720370608339
"a" 0.745902909559537 1.07952084224868 2.10111157061152 -0.212670520985254
"a" 0.307809580265952 0.781021561702021 1.2022018380938 1.95848836971622
"a" 2.19802877019387 1.93262330859951 2.22645086966145 2.75528089527222
"a" 1.0738788625534 0.77434568803425 -0.38005963323548 0.215820329943658
"a" 1.1409388079072 2.19132662813453 0.442502566643437 -0.118737704811901
"a" 0.473740359152734 1.25578117596722 1.32814127072317 -0.200388365165034
"a" 1.71920283273231 -0.542777169956239 0.451508393134232 2.09512193005081
"a" 1.94411904700115 2.71302983443591 -0.23282494046123 1.91579852678171
"a" 1.47494306047023 -0.113137178510064 -1.48683106848295 -0.575414822555188
"a" -0.193643320631101 1.08317443215569 1.01694971900743 0.842230465278321
"a" 0.49259286728132 -1.05036607261352 0.894089516273853 0.282681566416895
"a" 1.77355619699045 0.575256453761847 0.0466565908642582 3.26968384614737
"a" 1.2247584556881 1.36334081748566 0.947757269858234 0.736945638872289
"a" 2.0007609326992 0.624940854274621 0.736559993023601 -0.0422985249918832
"a" 0.0911567844270358 2.00777116600088 -0.108682167964517 0.433460051435922
"a" 1.35873504568415 0.688000430116614 2.06766851623088 1.56865482218809
"b" 0.0778264695869082 -1.18896529442975 -0.100319287840503 -2.15097885585974
"b" -0.216556051015804 -0.232733744507148 -1.92506531494752 -0.737202591708853
"b" -1.31790579434792 0.954417243445594 0.148059841144768 -0.517205139599969
"b" -1.89586207219155 -0.149285873822092 -2.52120644922065 1.37591122723415
"b" 0.117530972429963 -0.659579422376745 0.0942502573430506 -1.4084614813979
"b" -0.083086720941527 0.955989346098973 -2.03936239853372 -0.975623519817025
"b" -0.348181279110935 -2.14056108562193 -1.45726552094291 -2.3415813206342
"b" 0.211964612809911 -2.26914958527902 -1.56481484680631 -1.39445700026671
"b" -1.83006082320942 -1.95989224152007 -0.913649322014461 -1.35412995566511
"b" -0.101021980781959 -0.0408526318162454 -0.966137276261622 -0.214602508043078
"b" -1.68223115749582 -0.612456470179185 0.533394691096831 -1.24202828205996
"b" -1.6605748521062 -0.519494327290547 -2.1977141887492 -0.956881904884073
"b" -0.505069907725743 -0.265022475395509 -0.564169396395017 0.67239378538955
"b" -1.81848280677734 0.615267306039733 1.20005923391383 -0.808669240641651
"b" -2.00037118280507 -1.19306441944794 -0.970916096279791 -1.10159018539299
"b" -1.03047115303883 0.646928176334313 0.738651622512826 -1.41464340809676
"b" -0.59606030804799 -1.64301722589174 -0.533142104068351 -2.82097451323183
"b" 0.430222813353194 -1.20549013111307 -0.574148022105001 -0.490996705447104
"b" -0.167871125764645 -1.31526090693446 0.0519685328054231 -1.62054517591953
"b" -1.73015655314799 -0.222317956404312 -2.51252400595534 -1.74791499954123
"b" 1.00346373976506 -1.41495381016526 -2.73731701993803 -1.6229184714486
"b" -1.29525231761161 0.95533498544539 0.565140717280438 -1.53651076542045
"b" -0.782958268039374 -0.800566915997209 -3.49379057623218 -2.16230752654938
"b" -1.99501417030931 -1.87246525241533 -0.118440977021273 -1.93717297802371
"b" -1.83113841402616 -1.17839281456947 -2.39699579135536 -0.500917356762224
"c" 5.29184345039371 7.06597348018679 5.63950280443489 5.63983591702894
"c" 5.18840206496475 5.67729183179521 6.33532286057591 5.97451633012813
"c" 4.99935092831007 4.66289191057445 4.52733774313276 3.8823669566142
"c" 5.37504808388366 5.05292313595489 5.39720436182313 5.55993518323895
"c" 5.05010717112749 5.30306643940564 4.51201109740657 5.24346217877543
"c" 4.37714302934417 5.11550774180018 4.70933980966142 3.6880106794443
"c" 4.05725958675238 4.83833413709229 4.03133969065542 5.44608952921036
"c" 4.55215927731663 3.91304522597839 5.4853463279806 4.20256009774004
"c" 4.79952127397578 4.28101368312482 4.10133535904688 6.22633552918726
"c" 5.06980762520856 4.27622094646494 4.82901800419956 5.73295859583914
"c" 4.77069059992896 5.92241711382326 5.87714239976957 4.05156504382403
"c" 5.5469658410246 6.4944909041165 4.75966281714773 4.47892387934077
"c" 5.24606893134059 4.42275136871517 5.06007034730675 5.29092967355643
"c" 5.41037140713172 6.2290833559046 5.24184614489422 5.99952407911486
"c" 7.10441947851958 6.87794043391381 3.65919036835051 4.95275946622421
"c" 5.47225790724671 5.24839567873552 5.11128410223185 5.80461733798117
"c" 4.47418524020132 4.69105943243129 4.39819205383289 5.23148476798275
"c" 4.85495155521181 4.38878135889739 5.80838483606912 4.44881157387618
"c" 2.59472980185928 3.53553637442735 5.00061976255648 5.29484262479095
"c" 4.40953897390326 5.38278780672094 5.67253764574116 5.0499117972542
"c" 5.74163247072359 4.13376046362128 4.05332377262029 5.14941462477533
"c" 5.54830226291243 4.54658056769807 4.26717919979846 5.22672088188135
"c" 2.86478400922712 6.15143625324709 5.30887123204913 7.00117787365646
"c" 5.21960902956576 6.83353061106049 5.16863288828505 5.58652012044541
"c" 4.55600726905486 3.84810420602129 4.47277814005019 4.72585159382919
